644444· 4. »44 44

44343 346346 44446. 4464444446, 43343443
434443 44644443, 4634644644 363434 4634
64443444· 4634343 4344334744 w·
3444 nim.

44 0 33144344 we· ’444 44344343
44 bffossogvssno'dmv' 44 434 1333644436
34444 4434344, 44 ’34334644’4’ 4444434464·
4444, 43 3444· 34444· mmmm&
344444 44 6444 63444444 36444444 34334344 46
3343 σφᾶς 43444 3444464444. 333, 43 4434
446444 433μ4444 4436434 346446 44644 6434344 ’ ι

4434444664 4434. 336364446463444
44344444, 6344χῶ444, 4463 6644 3434 636344
6334 34444444 6444644644 3434434 63443 m 344
64 43344664 43 446634 6443444664 6449444646
444. 444344 33 6 Ν4434434464464, 434 363644
44 4334 3444 1363ῳῶ69444 44 ’6663466436
3344443444) 44444644 44 33363443 οχλος Qui
3444 444444) 666 μαλλον 4 Κλέων 4444444
44 634 πλοῦν, 43 364444χὸ6 44 443 4344443

44, 4636 3444646444 46 4344344, naga}

 

